backscatter_mean: 2.246267175011805
backscatter_variance: 1.161557376427655
entropy: 0.768450064283677
glcm_contrast: 0.21797504594496298
glcm_energy: 1.7399105416922844
glcm_homogeneity: 0.05367426269092579
global_contrast: 2.9265989352804613
height_range: 1.9732989853548
height_spread: 2.260443941635542
local_contrast: 0.5733308203802244
num_layers: 0.5373861419307363
